87
98
25
12
23
54
88
04
45
48
45
12
68
1
2
3
4
5
5
6
7
8
35
87
24
87
45
78
4
75
75
45
7
64
78
42
78
6
4
7
87
78
57
8
5
34
3
7
83
45
78
57
2
72
57
27
87
8
2
75
27
8
67
27
82
7
27
83
74
2
78
27
27
2
7
82
72
5
2
78
2
75
42
7
82
75
2
78
27
5
27
82
7
52
7
82
6
42
78
27
5
27
86
72
7
2
78
67
7
27
86
72
78
2
7
86
72
78
27
8
6
78
78
27
8
57
8
37
27
8
5
78
67
8
2
78
5
78
37
83
78
56
78
3
27
82
78
52
78
2
78
2
7
25
7
52
72
78
27
2
7
52
78
67
2
78
2
7
82
53
78
6
78
7
25
4
87
65
27
5
6
78
5
47
37
86
3
78
78
6
78
378
67
83
2
7
83
78
37
8
57
3
7
86
78
32
7
8
67
82
78
2
78
6
78
2
78
2
78
7
37
82
78
65
7
86
7
86
78
6

